6.652394175529480203e-01
5.888407643636067723e-01
5.481655041376749526e-01
5.254358688990274917e-01
5.162282005945841856e-01
5.009069248040517452e-01
5.107977720101674057e-01
4.833876156806946045e-01
4.819227441151937019e-01
4.634239125251770064e-01
4.606726523240407545e-01
4.580197040239969986e-01
4.508152115345001043e-01
4.392571306228637562e-01
4.337111874421437641e-01
4.367376999060312848e-01
4.289844421545664366e-01
4.254963715871175056e-01
4.171296755472819195e-01
4.155930964152018126e-01
4.109834623336792170e-01
4.035024813810984545e-01
4.007361813386281502e-01
3.972499716281890914e-01
3.920513121287028113e-01
3.901172991593678807e-01
3.901193638642628803e-01
3.813972918192545802e-01
3.815344909826914321e-01
3.731822506586710553e-01
3.738261318206786976e-01
3.703346633911132613e-01
3.661421708265940600e-01
3.684139859676360818e-01
3.658832339445750037e-01
3.587987895806630245e-01
3.572628331184387052e-01
3.465915604432424080e-01
3.507230615615844482e-01
3.481944080193837276e-01
3.428807592391967529e-01
3.397408175468444869e-01
3.365737525622050086e-01
3.362307306130727369e-01
3.312263168891270704e-01
3.252521912256876591e-01
3.322299774487813551e-01
3.236750336488087854e-01
3.256331483523051129e-01
3.219960335890452163e-01
3.179050338268279985e-01
