9.311222165822983232e-01
1.549306080490350679e+00
1.420072628930211023e+00
9.402738370001315626e-01
1.851378675550222397e+00
2.904117974638938726e+00
3.659797731041908087e+00
3.788763826526701628e+00
2.493962009251117884e+00
2.953118942677974701e+00
4.337649959325790228e+00
4.373045418411493301e+00
2.646879724413156332e+00
4.416776402294635417e+00
3.167257568240165799e+00
3.162286692857742221e+00
5.156678265333175304e+00
3.050447588413953692e+00
3.514426237344741910e+00
3.882791595160961062e+00
3.348674835264682681e+00
5.109488102793693365e+00
4.634741663932800293e+00
2.725451312214135946e+00
3.499622632563114344e+00
2.899558739364147097e+00
3.179805785417556763e+00
