3.344960481859743373e-01
1.773956982418894712e-01
2.475001609884202591e-01
3.114342604763805644e-01
1.319726352579891626e-01
5.804589466424658895e-02
9.669707087741699625e-02
5.304170129122212085e-01
9.873500457033515532e-02
8.190252620261162519e-02
4.849352752789855281e-02
1.932002774090506025e-01
3.999876640271395334e-01
2.212887635454535429e-01
9.450148646719754020e-02
5.220226091332733770e-02
9.005697094835340977e-02
4.867718445719219633e-01
5.843476276844740136e-01
5.515374135226011054e-01
6.977982528507709059e-01
3.809271916747093423e-01
4.428068686276674382e-01
4.246792491525411828e-01
5.241168219596147315e-01
4.338723722845315711e-01
4.370650509372353554e-01
