6.813667597770690643e-01
3.389819076061248992e-01
2.565926170349120961e-01
1.719562627077102779e-01
1.409041599035263104e-01
1.152728748917579704e-01
1.049099029302597019e-01
8.973079842329025058e-02
8.281323701143264437e-02
6.636673533916473411e-02
6.322838464379310075e-02
5.507262894511223000e-02
5.393945086002349676e-02
4.720733520388602916e-02
4.426551136374473616e-02
4.239595454931259499e-02
3.727291524410247803e-02
3.536429537832736641e-02
3.256864877045154844e-02
3.233825431764125735e-02
3.055157527327537550e-02
2.990912765264511219e-02
2.608925843238830630e-02
2.573006410896777965e-02
2.305598920583724898e-02
2.280769248306751401e-02
2.176996731758117781e-02
2.061622777581214802e-02
2.175824752449989283e-02
1.956919953227043152e-02
1.937618202716112278e-02
1.843265888094901966e-02
1.699231009930372155e-02
1.612450802326202345e-02
1.564291419088840313e-02
1.540964168310165333e-02
1.474930822849273605e-02
1.401985318958759268e-02
1.351992123574018503e-02
1.335323324799537678e-02
1.264589476957917250e-02
1.250703848898410825e-02
1.223876291513443029e-02
1.284818830341100636e-02
1.096465871483087544e-02
1.093508113175630653e-02
1.012654276192188202e-02
1.049889375269412971e-02
1.011115543544292492e-02
9.703922785818577118e-03
9.396831721067429311e-03
